Ejemplo 5
Samples
stackList: 0
stack: 0
cells:
[-4.10000000000000]
[-4]
[-2]
[0]
[2]
[4]
[4.10000000000000]


stackList: 1


stack: 0
cells:
[-4.10000000000000, 0]

stack: 1
cells:
[-4, 0]

stack: 2
cells:
[-2, 0]

stack: 3
cells:
[0, -0.100000000000000]
[0, 0]
[0, 0.100000000000000]

stack: 4
cells:
[2, -2.10000000000000]
[2, -2]
[2, 0]
[2, 2]
[2, 2.10000000000000]
stack: 5
cells:
[4, -0.100000000000000]
[4, 0]
[4, 0.100000000000000]
stack: 6
cells:
[4.10000000000000, 0]
stackList: 2
stack: 0
cells:
[-4.10000000000000, 0, -0.100000000000000]
[-4.10000000000000, 0, 0]
[-4.10000000000000, 0, 2.10125000000000]
[-4.10000000000000, 0, 4.20250000000000]
[-4.10000000000000, 0, 4.30250000000000]
stack: 1
cells:
[-4, 0, -0.100000000000000]
[-4, 0, 0]
[-4, 0, 2]
[-4, 0, 4]
[-4, 0, 4.10000000000000]
stack: 2
cells:
[-2, 0, -0.100000000000000]
[-2, 0, 0]
[-2, 0, 1/2]
[-2, 0, 1]
[-2, 0, 1.10000000000000]
stack: 3
cells:
[0, -0.100000000000000, -0.100000000000000]
[0, -0.100000000000000, 0]
[0, -0.100000000000000, 0.00125000000000000]
[0, -0.100000000000000, 0.00250000000000000]
[0, -0.100000000000000, 0.102500000000000]
stack: 4
cells:
[0, 0, -0.100000000000000]
[0, 0, 0]
[0, 0, 0.100000000000000]
stack: 5
cells:
[0, 0.100000000000000, -0.100000000000000]
[0, 0.100000000000000, 0]
[0, 0.100000000000000, 0.00125000000000000]
[0, 0.100000000000000, 0.00250000000000000]
[0, 0.100000000000000, 0.102500000000000]
stack: 6
cells:
[2, -2.10000000000000, -0.100000000000000]
[2, -2.10000000000000, 0]
[2, -2.10000000000000, 1.05125000000000]
[2, -2.10000000000000, 2.10250000000000]
[2, -2.10000000000000, 2.20250000000000]
stack: 7
cells:
[2, -2, -0.100000000000000]
[2, -2, 0]
[2, -2, 1]
[2, -2, 2]
[2, -2, 2.10000000000000]
stack: 8
cells:
[2, 0, -0.100000000000000]
[2, 0, 0]
[2, 0, 1/2]
[2, 0, 1]
[2, 0, 1.10000000000000]
stack: 9
cells:
[2, 2, -0.100000000000000]
[2, 2, 0]
[2, 2, 1]
[2, 2, 2]
[2, 2, 2.10000000000000]
stack: 10
cells:
[2, 2.10000000000000, -0.100000000000000]
[2, 2.10000000000000, 0]
[2, 2.10000000000000, 1.05125000000000]
[2, 2.10000000000000, 2.10250000000000]
[2, 2.10000000000000, 2.20250000000000]
stack: 11
cells:
[4, -0.100000000000000, -0.100000000000000]
[4, -0.100000000000000, 0]
[4, -0.100000000000000, 2.00125000000000]
[4, -0.100000000000000, 4.00250000000000]
[4, -0.100000000000000, 4.10250000000000]
stack: 12
cells:
[4, 0, -0.100000000000000]
[4, 0, 0]
[4, 0, 2]
[4, 0, 4]
[4, 0, 4.10000000000000]
stack: 13
cells:
[4, 0.100000000000000, -0.100000000000000]
[4, 0.100000000000000, 0]
[4, 0.100000000000000, 2.00125000000000]
[4, 0.100000000000000, 4.00250000000000]
[4, 0.100000000000000, 4.10250000000000]
stack: 14
cells:
[4.10000000000000, 0, -0.100000000000000]
[4.10000000000000, 0, 0]
[4.10000000000000, 0, 2.10125000000000]
[4.10000000000000, 0, 4.20250000000000]
[4.10000000000000, 0, 4.30250000000000]
----------